0014156742352637
0014167345236275
0015146735423627
0015147362432576
0015163724326547
0015163745326427
0015164735243267
0015167245236473
0015173465324726
0015176425324736
0016134753246257
0016135743625427
0016137523426574
0016152742356437
0016157342632475
0016157423624375
0016172352436754
0016172452634753
0017125623475364
0017126425374635
0017136453274256
0017153642372465
0017156234273645
0017162532473564
0023567341516472
0023627345161475
0023675314165742
0023726351417654
0023746351417652
0023756314157642
0024526731513647
0024625713165347
0024625741315637
0024627345131675
0024637543161572
0024723561317546
0024723645317165
0024726315137645
0024726541317536
0024763541317562
0025374635141762
0025427364131576
0025467314136572
0025623745361417
0025627131463574
0025627415134673
0025637413164572
0025647131463572
0025724161347536
0025726314137546
0025734613147562
0026325734615147
0026327435614175
0026327531416574
0026347531416572
0026423754316157
0026427514136573
0026427531613574
0026523741316457
0026524713146357
0026527141536473
0026721514637543
0027326534171546
0027423564371516
0027425613175364
0027526131473654
0027526413174356
0027621415374635
0032562741516437
0032572461514736
0032672415164735
0032742561417536
0034562742516137
0034563741216257
0034563742512167
0034652742151637
0034653712152647
0034673245261715
0034753161257246
0034753641217265
0034756141257236
0034756241217635
0034763245217165
0035274265141736
0035463714126527
0035463724121567
0035473625121764
0035623724161547
0035624725141637
0035641712462537
0035643725421617
0035714165247236
0035716125427634
0035723621417564
0035723625417164
0035743161427526
0035746121427536
0035763121427564
0036151742652437
0036171425624735
0036273251416754
0036274215146735
0036425724615137
0036451714256237
0036473251216754
0036475121625734
0036523724516147
0036573121426754
0036713145627425
0036753141627425
0037141562472536
0037161245276435
0037263245171465
0037415164275236
0037426524171536
0037462512176534
0037463151276254
0037463512172564
0037516142572436
0037613152472654
0037625121475634
0037652412174635
0041517362532476
0041613752362457
0041617235263475
0041617435263275
0041713625327465
0041716425327635
0042562731513467
0042632753161457
0042752161357436
0042762315137465
0043627325161475
0043657312162475
0045161725326437
0045376435121726
0045623725361417
0045713165327426
0045716125327436
0045726421317536
0045726425317136
0045736413127526
0046171425326735
0046171435623725
0046257231613475
0046352732651417
0046357231216475
0046357431216275
0046357432612175
0046523721316457
0046531713526427
0046751413627325
0047161235273465
0047161435273265
0047236253171456
0047261215376435
0047352632171465
0047513162372456
0047526423171356
0047526423571316
0047623425371615
0047651412372635
0051416724325637
0051417364235276
0051612742365437
0051613724325647
0051614752342637
0051716354237246
0052462754316137
0052642753461317
0053476314125726
0053476354121726
0054273261315746
0054276241315736
0054376231215746
0054623721315647
0054631713265247
0054736253217146
0056131743625427
0056141753426327
0057246253471316
0057316134275246
0061315734265247
0061513742362457
0061514736243257
0062532743161457
0062532743561417
0062542736413157
0064151736253247
0065141736423527
0065342732461517
0065423724361517
